mtllib materials.mtl
v 0.17 -0.2649996 -0.1100001
v 0.19 -0.2649996 -0.09000003
v 0.1900002 0.2650001 -0.09000009
v 0.1700002 0.2650001 -0.1100001
v 0.17 -0.2649995 0.2300002
v 0.1700002 0.2650001 0.23
v 0.1900002 0.2650001 0.21
v 0.19 -0.2649996 0.2100002
v -0.1699999 -0.2649999 -0.1100001
v -0.1499999 -0.2649999 -0.1300001
v -0.1500001 0.2649999 -0.1300003
v -0.17 0.2649999 -0.1100003
v 0.1700002 -0.2649997 -0.11
v 0.17 0.2649999 -0.1100002
v 0.1500001 0.2649999 -0.1300002
v 0.1500002 -0.2649999 -0.1299999
v -0.1700002 -0.2649999 0.2300001
v -0.1900001 -0.2649999 0.2100001
v -0.1900004 0.2649999 0.2100001
v -0.1700004 0.2649999 0.2300001
v -0.17 -0.2649999 -0.1100001
v -0.1700002 0.2649999 -0.11
v -0.1900002 0.2649999 -0.09000003
v -0.19 -0.2649999 -0.09000021
vn 0.7071076 -3.369346E-07 -0.7071061
vn 0.7071066 -1.043528E-09 0.7071069
vn -2.936016E-06 -1 1.867096E-07
vn -6.747678E-07 1 -1.634267E-07
vn -1 3.391478E-07 -7.65193E-08
vn 1 -3.066394E-07 4.538768E-08
vn -0.7071065 -4.394458E-07 -0.7071071
vn 0.7071071 -1.271633E-07 -0.7071065
vn 1.867088E-07 -1 2.961708E-06
vn -1.634269E-07 1 4.999222E-07
vn -3.458979E-07 4.182252E-07 1
vn 3.83406E-07 -4.173466E-07 -1
vn -0.7071077 -3.108415E-07 0.707106
vn -0.7071055 -1.718955E-07 -0.7071081
vn 4.513879E-08 -1 -2.228066E-10
vn 4.999223E-07 1 -1.141851E-08
vn 1 4.753347E-07 5.044502E-07
vn -1 -4.155895E-07 -4.52487E-07
vt -0.1525514 0.07214273
vt -0.1504586 0.07404538
vt -0.1861112 0.1132613
vt -0.188204 0.1113587
vt 0.1399814 0.06894727
vt 0.186984 0.09343692
vt 0.1856771 0.09594529
vt 0.1386744 0.07145564
vt -0.06693108 -0.009014216
vt -0.03491183 -0.02044968
vt -0.03612264 -0.01789352
vt -0.06437492 -0.007803409
vt 0.06693087 -0.009013673
vt 0.0643747 -0.007802864
vt 0.03612243 -0.01789296
vt 0.03491163 -0.02044911
vt -0.04184911 0.1618167
vt -0.07265471 0.2049446
vt -0.1003217 0.1851825
vt -0.06951609 0.1420546
vt 0.04347658 0.1606543
vt 0.0678886 0.1432171
vt 0.09869419 0.186345
vt 0.07428217 0.2037821
vt -0.1399814 0.06894724
vt -0.1386745 0.07145561
vt -0.1856772 0.09594525
vt -0.1869841 0.09343687
vt -0.1525514 0.07214259
vt -0.1882041 0.1113585
vt -0.1902969 0.1094558
vt -0.1546443 0.07023992
vt -0.07836588 -0.04103326
vt -0.06693047 -0.009014011
vt -0.06948663 -0.01022482
vt -0.07957669 -0.0384771
vt 0.07836651 -0.04103295
vt 0.07957732 -0.03847679
vt 0.0694872 -0.01022453
vt 0.06693105 -0.009013717
vt 0.1685995 0.01162758
vt 0.2160042 0.03532989
vt 0.2007989 0.06574042
vt 0.1533943 0.04203812
vt -0.1677051 0.01341643
vt -0.1542887 0.04024926
vt -0.2016933 0.06395157
vt -0.2151097 0.03711874
vt 0.1525514 0.07214268
vt 0.1546442 0.07024001
vt 0.1902968 0.1094559
vt 0.188204 0.1113586
vt -0.1399814 0.06894709
vt -0.1869842 0.09343669
vt -0.1882911 0.09092832
vt -0.1412884 0.06643872
vt -0.04634715 -0.05246849
vt -0.07836639 -0.04103302
vt -0.07715559 -0.04358918
vt -0.04890331 -0.05367929
vt 0.04634719 -0.05246861
vt 0.04890335 -0.05367942
vt 0.07715561 -0.0435893
vt 0.07836642 -0.04103315
vt 0.06951629 0.1420545
vt 0.1003219 0.1851823
vt 0.07265503 0.2049445
vt 0.04184936 0.1618167
vt -0.06788881 0.143217
vt -0.0434768 0.1606542
vt -0.07428247 0.203782
vt -0.09869447 0.1863448
o group240847654
g mesh240847654
usemtl mat23
f 4/4/1 3/3/1 2/2/1 1/1/1
f 8/8/2 7/7/2 6/6/2 5/5/2
f 2/12/3 8/11/3 5/10/3 1/9/3
f 6/16/4 7/15/4 3/14/4 4/13/4
f 5/20/5 6/19/5 4/18/5 1/17/5
f 3/24/6 7/23/6 8/22/6 2/21/6
o group1978143402
g mesh1978143402
usemtl mat23
f 12/28/7 11/27/7 10/26/7 9/25/7
f 16/32/8 15/31/8 14/30/8 13/29/8
f 10/36/9 16/35/9 13/34/9 9/33/9
f 14/40/10 15/39/10 11/38/10 12/37/10
f 13/44/11 14/43/11 12/42/11 9/41/11
f 11/48/12 15/47/12 16/46/12 10/45/12
o group1386337691
g mesh1386337691
usemtl mat23
f 20/52/13 19/51/13 18/50/13 17/49/13
f 24/56/14 23/55/14 22/54/14 21/53/14
f 18/60/15 24/59/15 21/58/15 17/57/15
f 22/64/16 23/63/16 19/62/16 20/61/16
f 21/68/17 22/67/17 20/66/17 17/65/17
f 19/72/18 23/71/18 24/70/18 18/69/18
